# Created by Octave 3.0.1, Sat May 23 17:07:08 2009 BRT <drebs@joselito>
# name: a
# type: matrix
# rows: 1256
# columns: 1
 3.30364890906257
 3.56933285475596
 3.789567818459784
 3.95757386473344
 4.067459867470164
 4.114389981331032
 4.094727446206475
 4.006151848619946
 3.847746601195366
 3.62005412368743
 3.325096998551969
 2.966364210800671
 2.548762444888795
 2.078533278869562
 1.563137966105411
 1.011112305950387
 0.43189485645746
 -0.1643675847570391
 -0.7670327279573063
 -1.365188796496587
 -1.947888474574332
 -2.504385268854992
 -3.024366678550921
 -3.498178630731554
 -3.917035837256658
 -4.273213061977991
 -4.560212743497559
 -4.772904988456323
 -4.907636618844958
 -4.962306707473018
 -4.936406849727456
 -4.831025276722793
 -4.648814793439428
 -4.393925403474007
 -4.071903337617032
 -3.689559015236247
 -3.254807215107309
 -2.776483397255508
 -2.264140683017877
 -1.727832452889849
 -1.177885849645783
 -0.6246716697361047
 -0.0783761844384403
 0.4512196474800189
 0.9549483294059671
 1.424446438300907
 1.852323264047633
 2.232303618461461
 2.559341625363678
 2.829703049636442
 3.041014527440089
 3.192278901225435
 3.283856720360194
 3.31741481929966
 3.295843708657303
 3.22314628941192
 3.104301107247648
 2.945103984864871
 2.751992389459243
 2.531857297505139
 2.2918475995151
 2.039172236800093
 1.780905277023124
 1.523799015575105
 1.274109939012763
 1.037442011847592
 0.818611258904155
 0.6215350252339271
 0.4491486197169861
 0.3033513047272789
 0.1849828020196238
 0.09383066498044967
 0.02866804092204833
 -0.01267946431701916
 -0.03323988249579246
 -0.03677672189505232
 -0.02764997526457186
 -0.01066027556474111
 0.009119375095204496
 0.02651954877723728
 0.03645304961784135
 0.03409125678298963
 0.01503318422064481
 -0.02453751821832406
 -0.08771207834147932
 -0.176736648248363
 -0.2929163578216012
 -0.4365462114252732
 -0.6068709504182934
 -0.8020752325554759
 -1.019304670045214
 -1.254717441982933
 -1.50356537556224
 -1.760302595264678
 -2.018719090881536
 -2.272095873284909
 -2.513377789213954
 -2.735359568704537
 -2.930880294343748
 -3.093021220559488
 -3.215301740784227
 -3.291868304338862
 -3.317671223597874
 -3.288624582290627
 -3.201744851150987
 -3.055264327812274
 -2.848716131142862
 -2.582988180761002
 -2.260344362620856
 -1.884411901872096
 -1.460134813887381
 -0.993694161854882
 -0.4923966928318746
 0.0354657678525383
 0.5807830321152241
 1.133815566389138
 1.68440141881785
 2.222176188714881
 2.736800814962727
 3.218191733837267
 3.656747866073004
 4.043568940450731
 4.37065984591392
 4.631116021850517
 4.819285338990998
 4.930902480475154
 4.963192490231942
 4.914940897548952
 4.786528634091513
 4.57993081250507
 4.2986793127762
 3.947790001793854
 3.533656271034261
 3.063911395474275
 2.547262973239556
 1.993303381194086
 1.412300759789592
 0.8149755065947988
 0.2122676004211113
 -0.384899711619365
 -0.9658542585832128
 -1.520401781835193
 -2.0390399257398
 -2.513154380293886
 -2.935192630755193
 -3.298811338437994
 -3.598994042904831
 -3.832136621842818
 -3.996098752037159
 -4.090220462589712
 -4.115303738428421
 -4.073559996317663
 -3.968525095220024
 -3.80494433684962
 -3.588630640666097
 -3.326299722161048
 -3.025386648024582
 -2.693848573160482
 -2.339958771967132
 -1.972097252419375
 -1.598543282237028
 -1.227275061232873
 -0.8657815456915805
 -0.5208910756279386
 -0.1986209835227466
 0.09594821387007202
 0.3587711056593874
 0.5869059627079778
 0.7785521948473384
 0.9330561091466578
 1.050885224189054
 1.133572220001026
 1.183630396161999
 1.204443251264103
 1.200131466250116
 1.17540115504669
 1.135377723457071
 1.085430039291097
 1.030989854000134
 0.9773715226910922
 0.9295970427390892
 0.8922312721756769
 0.8692319018913275
 0.8638183480640431
 0.8783632138303974
 0.9143093556079607
 0.9721148957048789
 1.051227767032338
 1.150090577595204
 1.266175762801351
 1.396050173889643
 1.535467452330315
 1.679485783761409
 1.822607930674508
 1.958939828850057
 2.082363514607831
 2.186719741948922
 2.265995361463539
 2.314510374196546
 2.327099547923557
 2.299283591493166
 2.227425122576632
 2.108865029484392
 1.942035309556404
 1.726545052892659
 1.463236916030542
 1.154212178434616
 0.8028232762828302
 0.4136335425430957
 -0.007655271619921633
 -0.4543062831802691
 -0.9186793561554454
 -1.392388606017967
 -1.866481882443985
 -2.331637992527153
 -2.778376940677603
 -3.197278093043749
 -3.579200933214726
 -3.91550296872173
 -4.198249377612442
 -4.42040915078913
 -4.576032785076553
 -4.660407006927922
 -4.670182546897303
 -4.603471627166778
 -4.459912552576916
 -4.240699591621651
 -3.948577177843313
 -3.587798332866346
 -3.164048088101501
 -2.684333540943215
 -2.156843001488628
 -1.590777446793161
 -0.9961581822938053
 -0.3836151970838407
 0.2358388235732417
 0.8510435107655119
 1.450929308719673
 2.024753828959212
 2.562330487900725
 3.054244044675584
 3.492047979625195
 3.868439102371356
 4.177405340298648
 4.414343319552374
 4.576143094594197
 4.661238190245037
 4.669619971653065
 4.602816231349347
 4.463834756549119
 4.257073492197161
 3.988199724590213
 3.664001456502282
 3.292214808983334
 2.881331850891496
 2.440393710760679
 1.97877415568028
 1.50595902049461
 1.031326933195183
 0.5639367077105804
 0.112326565723436
 -0.3156699895966255
 -0.7130872839381195
 -1.073965769237866
 -1.393462371356061
 -1.667930487724682
 -1.894968028237381
 -2.073432722911825
 -2.203424765447265
 -2.286237701030005
 -2.324279278118108
 -2.320964746737206
 -2.280585780599535
 -2.208158809460486
 -2.109257056128168
 -1.989830966642662
 -1.85602199249837
 -1.713974823748786
 -1.56965317813159
 -1.428664124154993
 -1.296095659005167
 -1.176371882128942
 -1.073129612534567
 -0.9891197052605456
 -0.9261356456719312
 -0.8849712570035841
 -0.8654085663297475
 -0.8662360575516503
 -0.8852967183804761
 -0.9195644830945151
 -0.965246905075299
 -1.01791118281602
 -1.07263002879288
 -1.124143328877226
 -1.167031105029873
 -1.195892977283962
 -1.205529130861119
 -1.191117735774838
 -1.148383841151415
 -1.073754972984581
 -0.9644989969755652
 -0.8188402590563355
 -0.6360505736524955
 -0.4165122794471581
 -0.1617513076899624
 0.1255610096895021
 0.4416378458998851
 0.7816381181067018
 1.139757849556442
 1.50934964390667
 1.883067507406054
 2.253033569055646
 2.611022649002113
 2.948660126897282
 3.257628177962689
 3.529875185278343
 3.757823009443463
 3.934566804953413
 4.054062216653167
 4.111295066251359
 4.102429041498008
 4.024927419407149
 3.877645477019732
 3.660890953173131
 3.376450704822191
 3.027582532075097
 2.618972006379169
 2.156655004531693
 1.647907505479673
 1.101105025605578
 0.5255548306287948
 -0.06869525095316609
 -0.6710669942686257
 -1.270676020238128
 -1.856564844589453
 -2.41793922997923
 -2.944402238757107
 -3.426180423952473
 -3.854336774042152
 -4.22096533864787
 -4.519362899827212
 -4.744173606184052
 -4.891503140861167
 -4.958999733250776
 -4.945900129493088
 -4.853039488373919
 -4.682825045763984
 -4.439174270322233
 -4.127419093803617
 -3.754178619448344
 -3.327203471096777
 -2.855195624941938
 -2.347608148295961
 -1.814429740968392
 -1.265959323217059
 -0.7125761312307558
 -0.1645108615728208
 0.3683766517636974
 0.8768079382738456
 1.352279605878629
 1.787235754065627
 2.175215128588051
 2.510969716849876
 2.790552218621354
 3.011370623139428
 3.172208960596412
 3.273214152157639
 3.31584973618638
 3.302818077611667
 3.237953451336804
 3.126089109438773
 2.972902077538927
 2.784739962185764
 2.568434475000703
 2.331106680225891
 2.079969142875319
 1.822130190979453
 1.564405406930058
 1.313141232636
 1.074055217432344
 0.8520969659933937
 0.6513332684022393
 0.4748602311764154
 0.324744493845019
 0.2019948298146053
 0.1065646132547402
 0.03738480685637025
 -0.007573689925578719
 -0.03121027495850059
 -0.03718013195703918
 -0.02975830280604164
 -0.01368624120275649
 0.005994790511233417
 0.02411877094994563
 0.03557348169898678
 0.03547755475394476
 0.01935101847862697
 -0.01672547269836477
 -0.07596723993586618
